This is a csv file.


change from master

make some changes from branch feature. 

